$  0,291,1142, 45 
$  1,290,1139, 45 
$  2,289,1136, 46 
$  3,289,1133, 47 
$  4,288,1130, 48 
$  5,287,1126, 49 
$  6,286,1123, 50 
$  7,285,1120, 50 
$  8,284,1117, 51 
$  9,284,1114, 52 
$ 10,283,1111, 53 
$ 11,282,1107, 54 
$ 12,281,1104, 55 
$ 13,280,1101, 55 
$ 14,280,1098, 56 
$ 15,279,1095, 57 
$ 16,278,1092, 58 
$ 17,277,1088, 59 
$ 18,276,1085, 60 
$ 19,276,1082, 60 
$ 20,275,1079, 61 
$ 21,274,1076, 62 
$ 22,273,1073, 63 
$ 23,272,1069, 64 
$ 24,272,1066, 65 
$ 25,271,1063, 65 
$ 26,270,1060, 66 
$ 27,269,1057, 67 
$ 28,268,1053, 68 
$ 29,267,1050, 69 
$ 30,267,1047, 70 
$ 31,266,1044, 70 
$ 32,265,1041, 71 
$ 33,264,1038, 72 
$ 34,263,1034, 73 
$ 35,263,1031, 74 
$ 36,262,1028, 75 
$ 37,261,1025, 75 
$ 38,260,1022, 76 
$ 39,259,1019, 77 $ 40,259,1015, 78 $ 41,258,1012, 79 $ 42,257,1009, 80 $ 43,256,1006, 80 $ 44,255,1003, 81 $ 45,255,1000, 82 $ 46,254, 996, 83 $ 47,253, 993, 84 $ 48,252, 990, 85 $ 49,251, 987, 85 $ 50,250, 984, 86 $ 51,250, 980, 87 $ 52,249, 977, 88 $ 53,248, 974, 89 $ 54,247, 971, 90 $ 55,246, 968, 90 $ 56,246, 965, 91 $ 57,245, 961, 92 $ 58,244, 958, 93 $ 59,243, 955, 94 $ 60,242, 952, 95 $ 61,242, 949, 95 $ 62,241, 946, 96 $ 63,240, 942, 97 $ 64,239, 939, 98 $ 65,238, 936, 99 $ 66,238, 933, 99 $ 67,237, 930,100 $ 68,236, 926,101 $ 69,235, 923,102 $ 70,234, 920,103 $ 71,233, 917,104 $ 72,233, 914,105 $ 73,232, 911,105 $ 74,231, 907,106 $ 75,230, 904,107 $ 76,229, 901,108 $ 77,229, 898,109 $ 78,228, 895,110 $ 79,227, 892,110 $ 80,226, 888,111 $ 81,225, 885,112 $ 82,225, 882,113 $ 83,224, 879,114 $ 84,223, 876,115 $ 85,222, 873,115 $ 86,221, 869,116 $ 87,221, 866,117 $ 88,220, 863,118 $ 89,219, 860,119 $ 90,218, 857,120 $ 91,217, 853,120 $ 92,216, 850,120 $ 93,216, 847,120 $ 94,215, 844,120 $ 95,214, 841,120 $ 96,213, 838,120 $ 97,212, 834,120 $ 98,212, 831,120 $ 99,211, 828,120 $100,210, 825,120 $101,209, 822,120 $102,208, 819,120 $103,208, 815,120 $104,207, 812,120 $105,206, 809,120 $106,205, 806,120 $107,204, 803,120 $108,204, 800,120 $109,203, 796,120 $110,202, 793,120 $111,201, 790,120 $112,200, 787,120 $113,199, 784,120 $114,199, 780,120 $115,198, 777,120 $116,197, 774,120 $117,196, 771,120 $118,195, 768,120 $119,195, 765,120 $120,194, 761,120 $121,193, 758,120 $122,192, 755,120 $123,191, 752,120 $124,191, 749,120 $125,190, 746,120 $126,189, 742,120 $127,188, 739,120 $128,187, 736,120 $129,187, 733,120 $130,186, 730,120 $131,185, 726,120 $132,184, 723,120 $133,183, 720,120 $134,182, 717,120 $135,182, 714,120 $136,181, 711,120 $137,180, 707,120 $138,179, 704,120 $139,178, 701,120 $140,178, 698,120 $141,177, 695,120 $142,176, 692,120 $143,175, 688,120 $144,174, 685,120 $145,174, 682,120 $146,173, 679,120 $147,172, 676,120 $148,171, 673,120 $149,170, 669,120 $150,170, 666,120 $151,169, 663,120 $152,168, 660,120 $153,167, 657,120 $154,166, 653,120 $155,165, 650,120 $156,165, 647,120 $157,164, 644,120 $158,163, 641,120 $159,162, 638,120 $160,161, 634,120 $161,161, 631,120 $162,160, 628,120 $163,159, 625,120 $164,158, 622,120 $165,157, 619,120 $166,157, 615,120 $167,156, 612,120 $168,155, 609,120 $169,154, 606,120 $170,153, 603,120 $171,153, 600,120 $172,152, 596,120 $173,151, 593,120 $174,150, 590,120 $175,149, 587,120 $176,148, 584,120 $177,148, 580,120 $178,147, 577,120 $179,146, 574,120 $180,145, 571,120 $181,144, 568,120 $182,144, 565,120 $183,143, 561,120 $184,142, 558,120 $185,141, 555,120 $186,140, 552,120 $187,140, 549,120 $188,139, 546,120 $189,138, 542,120 $190,137, 539,120 $191,136, 536,120 $192,136, 533,120 $193,135, 530,120 $194,134, 526,120 $195,133, 523,120 $196,132, 520,120 $197,131, 517,120 $198,131, 514,120 $199,130, 511,120 $200,129, 507,120 $201,128, 504,120 $202,127, 501,120 $203,127, 498,120 $204,126, 495,120 $205,125, 492,120 $206,124, 488,120 $207,123, 485,120 $208,123, 482,120 $209,122, 479,120 $210,121, 476,120 $211,120, 473,120 $212,119, 469,120 $213,119, 466,120 $214,118, 463,120 $215,117, 460,120 $216,116, 457,120 $217,115, 453,120 $218,114, 450,120 $219,114, 447,120 $220,113, 444,120 $221,112, 441,120 $222,111, 438,120 $223,110, 434,120 $224,110, 431,120 $225,109, 428,120 $226,108, 425,120 $227,107, 422,120 $228,106, 419,120 $229,106, 415,120 $230,105, 412,120 $231,104, 409,120 $232,103, 406,120 $233,102, 403,120 $234,102, 400,120 $235,101, 396,120 $236,100, 393,120 $237, 99, 390,120 $238, 98, 387,120 $239, 97, 384,120 $240, 97, 380,120 $241, 96, 377,120 $242, 95, 374,120 $243, 94, 371,120 $244, 93, 368,120 $245, 93, 365,120 $246, 92, 361,120 $247, 91, 358,120 $248, 90, 355,120 $249, 89, 352,120 $250, 89, 349,120 $251, 88, 346,120 $252, 87, 342,120 $253, 86, 339,120 $254, 85, 336,120 $255, 85, 333,120 $256, 84, 330,120 $257, 83, 326,120 $258, 82, 323,120 $259, 81, 320,120 $260, 80, 317,120 $261, 80, 314,120 $262, 79, 311,120 $263, 78, 307,120 $264, 77, 304,120 $265, 76, 301,120 $266, 76, 298,120 $267, 75, 295,120 $268, 74, 292,120 $269, 73, 288,120 $270, 72, 285,120 $271, 72, 282,120 $272, 71, 279,120 $273, 70, 276,120 $274, 69, 273,120 $275, 68, 269,120 $276, 68, 266,120 $277, 67, 263,120 $278, 66, 260,120 $279, 65, 257,120 $280, 64, 253,120 $281, 63, 250,120 $282, 63, 247,120 $283, 62, 244,120 $284, 61, 241,120 $285, 60, 238,120 $286, 59, 234,120 $287, 59, 231,120 $288, 58, 228,120 $289, 57, 225,120 $290, 56, 222,120 $291, 55, 219,120 $292, 55, 215,120 $293, 54, 212,120 $294, 53, 209,120 $295, 52, 206,120 $296, 51, 203,120 $297, 51, 200,120 $298, 50, 196,120 $299, 49, 193,120 $300, 48, 190,120 $301, 47, 187,120 $302, 46, 184,120 $303, 46, 180,120 $304, 45, 177,120 $305, 44, 174,120 $306, 43, 171,120 $307, 42, 168,120 $308, 42, 165,120 $309, 41, 161,120 $310, 40, 158,120 $311, 39, 155,120 $312, 38, 152,120 $313, 38, 149,120 $314, 37, 146,120 $315, 36, 142,120 $316, 35, 139,120 $317, 34, 136,120 $318, 34, 133,120 $319, 33, 130,120 $320, 32, 126,120 $321, 31, 123,120 $322, 30, 120,120 $323, 29, 117,120 $324, 29, 114,120 $325, 28, 111,120 $326, 27, 107,120 $327, 26, 104,120 $328, 25, 101,120 $329, 25,  98,120 $330, 24,  95,120 $331, 23,  92,120 $332, 22,  88,120 $333, 21,  85,120 $334, 21,  82,120 $335, 20,  79,120 $336, 19,  76,120 $337, 18,  73,120 $338, 17,  69,120 $339, 17,  66,120 $340, 16,  63,120 $341, 15,  60,120 $342, 14,  57,120 $343, 13,  53,120 $344, 12,  50,120 $345, 12,  47,120 $346, 11,  44,120 $347, 10,  41,120 $348,  9,  38,120 $349,  8,  34,120 $350,  8,  31,120 $351,  7,  28,120 $352,  6,  25,120 $353,  5,  22,120 $354,  4,  19,120 $355,  4,  15,120 $356,  3,  12,120 $357,  2,   9,120 $358,  1,   6,120 $359,  0,   3,120 $360,  0,   0,  0 